2|0000000000000000,0100000000000000,0100020000000000,0100021000000000,0100021000200000,0100021100200000,2100021100200000,2100021101200000,
1|0000000000000000,0000000000100000,0000002000100000,0000002001100000,0000002021100000,0000002021100001,0000202021100001,0000212021100001,2000212021100001,2000212021101001,2000212221101001,
1|0000000000000000,0000010000000000,0000010002000000,0000011002000000,0000011002020000,0000011002120000,0000011002120002,0001011002120002,0001011022120002,
2|0000000000000000,0000000001000000,0000002001000000,0000002001100000,0000022001100000,0000022101100000,0000022101102000,0000022101102010,0002022101102010,0002022101102011,
1|0000000000000000,0000000000100000,0000000002100000,0000010002100000,0000012002100000,0000012012100000,0000012012102000,0001012012102000,0001012012102200,0011012012102200,0011212012102200,1011212012102200,1011212212102200,
1|0000000000000000,0000000001000000,0000002001000000,0000002001100000,0000002001120000,0000012001120000,0000012001120002,0010012001120002,0010212001120002,
2|0000000000000000,0000010000000000,0000010002000000,0000010002100000,0000012002100000,0000012002100100,0000012002102100,0000012002102101,
2|0000000000000000,0000000001000000,0000020001000000,0000021001000000,0000021001200000,0000021001200001,0000021001200021,0100021001200021,0100021001220021,0100121001220021,0100121001220221,0100121101220221,
1|0000000000000000,0000000001000000,0000000001200000,0000001001200000,0000021001200000,0000021001210000,0000221001210000,0000221001210001,0020221001210001,0021221001210001,0021221201210001,
2|0000000000000000,0000001000000000,0000021000000000,0000021001000000,0000021001200000,0000021001200100,0020021001200100,0020021011200100,0020021211200100,0020021211201100,0022021211201100,0022021211201110,
1|0000000000000000,0000000001000000,0000020001000000,0000021001000000,0000021001200000,0000021001200010,0000021001200012,1000021001200012,1000021001200212,1000021001201212,1002021001201212,1002021011201212,1002221011201212,
0|0000000000000000,0000000001000000,0000000001200000,0000001001200000,0000021001200000,0000121001200000,0020121001200000,0120121001200000,2120121001200000,2120121001200001,2120121201200001,2121121201200001,2121121201202001,2121121201202011,2121121221202011,2121121221212011,
1|0000000000000000,0000000001000000,0000000001200000,0000001001200000,0000021001200000,0000021001210000,0000021001210020,0100021001210020,0100021001210022,1100021001210022,1100021201210022,1101021201210022,1121021201210022,
2|0000000000000000,0000010000000000,0000010000200000,0000010001200000,0000012001200000,0010012001200000,0010012001202000,0010012001202100,0210012001202100,0210012001202101,0210012201202101,0210012201202111,
2|0000000000000000,0000000001000000,0000000001200000,0000001001200000,0000021001200000,0000021001200010,0000021001200012,1000021001200012,1000021001220012,1000121001220012,1000121001220212,1000121011220212,
0|0000000000000000,0000000000000001,0000000000200001,0000000000210001,0000002000210001,0000002000210011,0000002000210211,0001002000210211,0001002200210211,0001002201210211,0001002221210211,0001012221210211,2001012221210211,2001012221211211,2021012221211211,2121012221211211,
0|0000000000000000,0000000001000000,0000002001000000,0000012001000000,0000012001200000,0000012001200010,0200012001200010,0200012001200011,0200012021200011,0200012021200111,0200012021202111,0200112021202111,2200112021202111,2200112121202111,2200112121222111,2210112121222111,
1|0000000000000000,0000000001000000,0000020001000000,0000020001100000,0000020001120000,0000021001120000,0000021001122000,0000021001122001,0000221001122001,
1|0000000000000000,0000000000100000,0000020000100000,0000021000100000,0000021002100000,0000021002100001,0200021002100001,0200021002100101,0202021002100101,0202021002101101,0202021002101121,
2|0000000000000000,0000000001000000,0000000001200000,0000001001200000,0000021001200000,0100021001200000,0100221001200000,0100221001210000,2100221001210000,2100221011210000,2100221211210000,2100221211210010,
2|0000000000000000,0000010000000000,0000012000000000,0000012000100000,0000012002100000,0010012002100000,0010012202100000,0010012202110000,
0|0000000000000000,0000000001000000,0000020001000000,0000020001100000,0000022001100000,0000022001110000,0000022021110000,0001022021110000,0001022221110000,0001122221110000,0001122221110002,1001122221110002,1001122221110202,1011122221110202,1211122221110202,1211122221111202,
2|0000000000000000,0000000001000000,0000020001000000,0000020001100000,0000022001100000,0000022001110000,0000022021110000,1000022021110000,
1|0000000000000000,0000000001000000,0000002001000000,0000002001100000,0000022001100000,0001022001100000,0001022201100000,0001122201100000,0001122201100002,0001122201110002,0001122201112002,
2|0000000000000000,0000010000000000,0000010000200000,0000011000200000,0000011000220000,0000011001220000,0000011001220200,1000011001220200,
1|0000000000000000,0000000000100000,0000020000100000,0000021000100000,0000021002100000,0000021002100100,0020021002100100,0020021002101100,0022021002101100,
2|0000000000000000,0000000000100000,0000002000100000,0000002001100000,0000022001100000,0000022001110000,0000022021110000,0001022021110000,0001022021112000,0001122021112000,
1|0000000000000000,0000000001000000,0000020001000000,0000020001100000,0000022001100000,0000022101100000,0000022101102000,0000122101102000,0000122101122000,
1|0000000000000000,0000000000100000,0000020000100000,0000020001100000,0000022001100000,0000022001110000,0000022021110000,0000122021110000,0000122021110002,0000122021110102,0000122021112102,
1|0000000000000000,0000010000000000,0000010000200000,0000010001200000,0000010001220000,0000011001220000,0000011001220200,0000011001221200,0000011021221200,
2|0000000000000000,0000001000000000,0000001002000000,0000011002000000,0000011002200000,0000011002200010,0002011002200010,0002011102200010,0002211102200010,0002211102210010,
1|0000000000000000,0000000000010000,0000020000010000,0000020000110000,0000020002110000,0000021002110000,0000021002110020,1000021002110020,1020021002110020,1020021002111020,1020221002111020,
1|0000000000000000,0000010000000000,0000010000200000,0000011000200000,0000011002200000,0000011012200000,0002011012200000,0002011012210000,2002011012210000,2102011012210000,2102011012212000,2102011112212000,2102011112212200,
1|0000000000000000,0000010000000000,0000010000200000,0000010001200000,0000010201200000,0000011201200000,0000011201200200,0000011201210200,2000011201210200,2010011201210200,2010011201212200,
2|0000000000000000,0000010000000000,0000010002000000,0000011002000000,0000011202000000,0000011202010000,2000011202010000,2010011202010000,2010011202010002,2011011202010002,2011211202010002,2011211202010012,
2|0000000000000000,0000000001000000,0000020001000000,0000020001100000,0000022001100000,0010022001100000,0010022001120000,0010022101120000,0010022101122000,0011022101122000,
1|0000000000000000,0000000001000000,0000002001000000,0000012001000000,0000012001200000,0010012001200000,0010012001202000,0010012001202100,0210012001202100,0210112001202100,2210112001202100,
1|0000000000000000,0000010000000000,0000012000000000,0000012000100000,0000012000120000,0000012100120000,0020012100120000,0020012100120001,0020012102120001,0020012102120101,0022012102120101,0022012102121101,2022012102121101,
1|0000000000000000,0000001000000000,0000001000200000,0000011000200000,0000011002200000,0000011002210000,2000011002210000,2010011002210000,2010011002210002,2010111002210002,2010111202210002,
1|0000000000000000,0000001000000000,0000001002000000,0000011002000000,0000011002020000,0000011002120000,0000011002120020,0001011002120020,0001011002120220,
2|0000000000000000,0000000001000000,0000002001000000,0000002101000000,0000022101000000,0100022101000000,0100022101200000,0100022101200001,0102022101200001,0102022101200101,
2|0000000000000000,0000000001000000,0000002001000000,0000002101000000,0000002101200000,0000002101200001,0000022101200001,0000122101200001,0002122101200001,0002122101200101,
1|0000000000000000,0000000001000000,0000020001000000,0000020001100000,0000022001100000,0000022101100000,0000022101120000,
1|0000000000000000,0000010000000000,0000010000200000,0000010001200000,0000012001200000,0010012001200000,0010012001200200,0011012001200200,0011212001200200,
1|0000000000000000,0000000001000000,0000020001000000,0000020001100000,0000022001100000,0000022101100000,0000022121100000,0001022121100000,0001022121102000,0001022121102001,0001022121102021,
1|0000000000000000,0000000000100000,0000020000100000,0000020001100000,0000022001100000,0010022001100000,0010022001120000,1010022001120000,1010022001122000,1010122001122000,1010122021122000,
1|0000000000000000,0000010000000000,0000012000000000,0000012000100000,0000012002100000,0010012002100000,0010012002100020,0010012102100020,0012012102100020,0012012102101020,0012012122101020,0012012122101021,0012212122101021,
1|0000000000000000,0000001000000000,0000001000200000,0000001001200000,0000001201200000,0010001201200000,0010001201200200,0010001201201200,0010021201201200,
1|0000000000000000,0000000001000000,0000000001200000,0000010001200000,0000012001200000,0000012001200010,0000012001200210,
0|0000000000000000,0000001000000000,0000001000200000,0000011000200000,0000011002200000,0000011012200000,0002011012200000,0002011112200000,0002211112200000,0002211112200001,0002211112220001,0002211112221001,0202211112221001,0202211112221101,0202211112221121,1202211112221121,
2|0000000000000000,0000001000000000,0000001002000000,0000011002000000,0000011002200000,0000011012200000,0002011012200000,0002011112200000,0002211112200000,0002211112200001,0002211112200201,0002211112210201,
2|0000000000000000,0000010000000000,0000010000200000,0000011000200000,0000011200200000,0000011200200010,0000011200220010,0000011200220011,0000011200220211,0000011201220211,
1|0000000000000000,0000010000000000,0000010000200000,0000011000200000,0000011002200000,0000011002210000,0000211002210000,0000211002210001,0000211002210201,
2|0000000000000000,0000010000000000,0000012000000000,0000012000100000,0000012002100000,0000012002100010,0200012002100010,0200112002100010,0200112002120010,0210112002120010,0212112002120010,0212112002120110,
1|0000000000000000,0000000000100000,0000002000100000,0000012000100000,0000012002100000,0000012002110000,0000012022110000,0000012122110000,0020012122110000,0020012122110100,0020012122110120,0020012122110121,2020012122110121,2120012122110121,2120212122110121,
1|0000000000000000,0000001000000000,0000001000020000,1000001000020000,1000021000020000,1000021000120000,1000221000120000,1010221000120000,1010221002120000,
2|0000000000000000,0000001000000000,0000021000000000,1000021000000000,1000021000200000,1000121000200000,1000121000220000,1100121000220000,1120121000220000,1121121000220000,1121121200220000,1121121201220000,1121121201222000,1121121201222010,
2|0000000000000000,0000010000000000,0000010000200000,0000010001200000,0000010001200200,0000011001200200,0000011001220200,0000011101220200,
1|0000000000000000,0000010000000000,0000010000200000,0000011000200000,0000011200200000,0000011201200000,0000011201200020,0001011201200020,0001011201202020,
2|0000000000000000,1000000000000000,1000002000000000,1000102000000000,1000122000000000,1000122001000000,1000122001000200,1000122001001200,1000122021001200,1000122121001200,
1|0000000000000000,0000000010000000,0000020010000000,0000021010000000,0002021010000000,0002021011000000,0002021211000000,0002021211100000,0002021211120000,0012021211120000,0012021211120020,0012021211120021,0212021211120021,
2|0000000000000000,0000010000000000,0000012000000000,0000012001000000,0000012001200000,0000012001200100,0200012001200100,0200012001200110,
0|0000000000000000,0000000001000000,0000020001000000,0000020001100000,0000022001100000,0000022011100000,0000022011120000,1000022011120000,1000022011120002,1010022011120002,1010222011120002,1010222111120002,1210222111120002,1211222111120002,1211222111120022,1211222111120122,
2|0000000000000000,0000000001000000,0000002001000000,0000012001000000,0000012001200000,0010012001200000,0010012001202000,0010012001202010,0010012001202210,0010012001212210,
2|0000000000000000,1000000000000000,1000020000000000,1100020000000000,1100022000000000,1110022000000000,1112022000000000,1112022010000000,1112222010000000,1112222110000000,1112222110200000,1112222110200001,
0|0000000000000000,0000000000100000,0000020000100000,0000021000100000,0000021002100000,0010021002100000,0010021002100020,1010021002100020,1210021002100020,1210021002100120,1210021022100120,1210021022100121,1210021022120121,1210021022121121,1210221022121121,1210221122121121,
1|0000000000000000,0000001000000000,0000001002000000,0000011002000000,0000011202000000,0000011202100000,0000011202100020,0001011202100020,0001011202100220,
1|0000000000000000,0000000000100000,0000000002100000,0000000002100010,0000002002100010,0000012002100010,0200012002100010,0200112002100010,0200112002120010,1200112002120010,1200112022120010,
1|0000000000000000,0000000000100000,0000000002100000,0000001002100000,0000001002100020,0000001002100021,0200001002100021,0200011002100021,0200211002100021,
1|0000000000000000,0000001000000000,0000001000200000,0000011000200000,0000011200200000,0000011201200000,0002011201200000,0002011201200010,0002011201200210,
1|0000000000000000,0000010000000000,0000012000000000,0000012001000000,0000012001200000,0000012001200010,2000012001200010,2100012001200010,2100012001202010,
1|0000000000000000,0000000000100000,0000000000100020,0000000001100020,0000000001102020,0000000001112020,0000000021112020,0000010021112020,0000210021112020,1000210021112020,1000210021112022,1000210021112122,1200210021112122,
1|0000000000000000,0000010000000000,0000012000000000,0000012001000000,0000012001200000,0000012001200001,0000012001200021,0010012001200021,0010012001202021,0011012001202021,0011212001202021,0111212001202021,0111212001202221,
2|0000000000000000,0000000001000000,0000002001000000,0000012001000000,0000012001200000,0000012001200100,0200012001200100,0200012001200101,2200012001200101,2200012101200101,2220012101200101,2220012101200111,
1|0000000000000000,0000000000100000,0000000002100000,0000010002100000,0000012002100000,0000012002100100,0000012002100120,0000012002100121,0000012002120121,
1|0000000000000000,0000000001000000,0000000001200000,0000001001200000,0000021001200000,0001021001200000,0001021001202000,0001021101202000,0001021101202002,
1|0000000000000000,0000000010000000,0000000012000000,0000001012000000,0000001212000000,0000001212100000,0000001212100020,0000011212100020,0020011212100020,0020011212110020,0020011212110220,
1|0000000000000000,0100000000000000,0100000000000002,0100000000100002,0100000000100022,0100000000100122,0100000002100122,0100000012100122,0100000212100122,0100001212100122,0102001212100122,0102001212110122,0102021212110122,
2|0000000000000000,0000010000000000,0000012000000000,0000012000100000,0000012002100000,0010012002100000,0010012002102000,0011012002102000,0011212002102000,0011212102102000,0011212102102020,0111212102102020,2111212102102020,2111212112102020,
1|0000000000000000,0000000001000000,0000002001000000,0000002001100000,0000002001120000,0000002101120000,0000002101122000,0000002101122001,0000202101122001,0000212101122001,0000212121122001,
1|0000000000000000,0000010000000000,0000012000000000,0000012000100000,0000012000120000,0000012000120010,0200012000120010,0200012001120010,2200012001120010,2200012101120010,2202012101120010,
1|0000000000000000,0000010000000000,0000010000200000,0000011000200000,0000011200200000,0000011201200000,0020011201200000,1020011201200000,1020011201200020,
2|0000000000000000,0000010000000000,0000012000000000,0000012000100000,0000012002100000,0000012002100010,0200012002100010,0200012002100110,0200012022100110,0200012122100110,0202012122100110,0202012122100111,
1|0000000000000000,0000001000000000,0000001002000000,0000001002010000,0000001002210000,0000011002210000,2000011002210000,2000011002210001,2020011002210001,2020011102210001,2020011122210001,
1|0000000000000000,0000001000000000,0000021000000000,0000021001000000,0200021001000000,0200021001100000,0220021001100000,0220021001101000,0222021001101000,
1|0000000000000000,0000000000100000,0000020000100000,0000020001100000,0000020021100000,0000020021100001,0000220021100001,0000221021100001,0200221021100001,0200221021101001,0202221021101001,0212221021101001,0212221021101021,
2|0000000000000000,0000000001000000,0000000001020000,0000000001120000,0000002001120000,0000012001120000,0000012001120002,0000012001120012,
2|0000000000000000,0000001000000000,0000001002000000,0000001002100000,0000021002100000,0100021002100000,0100021002100002,0110021002100002,0110021002100022,0110021002100122,
1|0000000000000000,0000001000000000,0000001002000000,0000011002000000,0000011002200000,0000011002210000,0000211002210000,
1|0000000000000000,0000000001000000,0000020001000000,0000021001000000,0000021001200000,0001021001200000,0001021001202000,0001021001202100,0021021001202100,0121021001202100,0121221001202100,0121221001212100,2121221001212100,2121221011212100,2121221011212120,
2|0000000000000000,0000001000000000,0000001002000000,0000001002100000,0000021002100000,0100021002100000,0100021002100002,0100021002100102,0102021002100102,0102021002100112,0122021002100112,0122121002100112,
1|0000000000000000,0000000001000000,0000002001000000,0000002001100000,0000022001100000,0000022101100000,0000022101102000,0000122101102000,0000122101102002,0000122101102012,0000122121102012,
0|0000000000000000,0000000000100000,0000020000100000,0000020001100000,0000022001100000,0000122001100000,0000122001100002,0000122001110002,0000122021110002,0001122021110002,0001122221110002,1001122221110002,1001122221110202,1101122221110202,1121122221110202,1121122221111202,
1|0000000000000000,0000001000000000,0000001000200000,0000101000200000,0000121000200000,0000121000200100,0000121002200100,0100121002200100,0100121022200100,1100121022200100,1100121022200102,1110121022200102,1110121022202102
